14
4
0 0
50 0
50 50
0 50
400 300
5
-10 -15
40 30
20 75
-40 50
-50 40
150 400
4
0 0
80 10
30 60
-10 55
100 100
6
-15 20
30  50
35 100
0 140
-70 90
-50 30
600 300
3
0 10
30 100
-40 80
500 200
4
0 0
90 40
80 40
-40 80
500 400
5
0 0
90 10
60 50
0 90
-40 50
800 500
3
0 0
100 100
-100 100
1000 300
3
20 20
60 60
-50 70
1200 700
4
0 0
80 10
30 60
-10 55
300 700
6
-15 20
30  50
35 100
0 140
-70 90
-50 30
1200 300
5
-10 -15
40 30
20 75
-40 50
-50 40
750 700
3
0 10
30 100
-40 80
800 100
6
-15 20
30  50
35 100
0 140
-70 90
-50 30
1000 300