5
-10 -15
40 30
20 75
-40 50
-50 40
4
0 0
80 10
30 60
-10 55
6
-15 20
30  50
35 100
0 140
-70 90
-50 30
3
0 10
30 100
-40 80
4
0 0
90 40
80 40
-40 80
5
0 0
90 10
60 50
0 90
-40 50
3
0 0
100 100
-100 100
3
20 20
60 60
-50 70
4
0 0
80 10
30 60
-10 55
6
-15 20
30  50
35 100
0 140
-70 90
-50 30
5
-10 -15
40 30
20 75
-40 50
-50 40
3
0 10
30 100
-40 80
6
-15 20
30  50
35 100
0 140
-70 90
-50 30
6
-15 20
30  70
35 100
0 180
-70 90
-50 30
4
0 0
80 90
30 80
-10 55